[gd_scene load_steps=2 format=3 uid="uid://bhsyy64fc1ujw"]

[ext_resource type="PackedScene" uid="uid://dctx7sbnoqhyc" path="res://GEP Core/Assets/Items/Fruit 3D Assets/Prefabs/Fruits/banana.tscn" id="1_ovfkj"]

[node name="banana_bunch" type="Node3D"]

[node name="banana" parent="." instance=ExtResource("1_ovfkj")]
transform = Transform3D(-4.37114e-08, 1, 0, -1, -4.37114e-08, 0, 0, 0, 1, -0.0207164, 0.0201262, 0)

[node name="banana2" parent="." instance=ExtResource("1_ovfkj")]
transform = Transform3D(-0.482963, 0.836516, -0.258819, -0.866025, -0.5, 0, -0.12941, 0.224144, 0.965926, -0.0724177, 0.0381948, -0.015923)

[node name="banana3" parent="." instance=ExtResource("1_ovfkj")]
transform = Transform3D(0.5, 0.836516, 0.224144, -0.866025, 0.482963, 0.12941, 1.13133e-08, -0.258819, 0.965926, 0.035017, 0.0306058, 0.00278442)

[node name="banana4" parent="." instance=ExtResource("1_ovfkj")]
transform = Transform3D(-0.387442, 0.909251, 0.152155, -0.853364, -0.416167, 0.313965, 0.348795, -0.00820056, 0.937163, -0.0275699, 0.0697443, 0.0164546)
